player:
10 10

collectables:
9 10
11 10
17 13
21 14

walls:
10 19 10 20
10 20 11 20
11 19 11 20
25 14 25 15
25 15 26 15
27 15 27 16
25 16 27 16
25 16 25 17
25 17 26 17
28 14 28 17
20 17 20 19
28 11 28 13
28 11 29 11
12 20 12 21
29 11 29 13
28 13 29 13
27 10 30 10
29 13 29 15
29 15 32 15
32 13 32 15
30 13 32 13
30 14 31 14
19 15 19 16
30 10 30 13
7 19 12 19
31 15 31 17
29 16 30 16
29 16 29 19
25 18 29 18
30 17 30 19
30 19 31 19
28 19 28 20
28 20 32 20
32 16 32 20
19 15 20 15
8 21 14 21
32 15 33 15
33 15 33 17
32 18 34 18
34 16 34 18
33 16 34 16
28 20 28 23
27 21 28 21
29 21 29 23
29 21 31 21
31 21 31 23
8 20 8 21
0 11 12 11
29 22 30 22
32 20 32 23
32 23 33 23
33 23 33 26
32 26 33 26
32 26 32 27
31 26 31 27
30 26 31 26
10 7 16 7
7 20 8 20
30 24 32 24
30 23 30 24
29 24 29 26
27 24 29 24
27 22 27 25
25 25 28 25
26 25 26 26
24 24 24 26
22 24 22 26
21 26 22 26
7 19 7 20
10 7 10 9
21 26 21 29
23 25 23 27
23 27 23 28
22 27 27 27
27 26 27 27
28 25 28 28
27 28 28 28
28 28 33 28
33 26 33 28
19 12 19 13
30 25 32 25
10 9 11 9
30 25 30 27
28 27 30 27
26 27 26 29
25 29 26 29
25 28 25 29
21 29 24 29
24 28 24 29
23 30 28 30
7 14 8 14
27 29 27 30
9 6 17 6
24 30 24 31
24 29 24 30
29 29 29 31
30 28 30 32
30 33 30 35
30 34 31 34
31 32 31 34
29 32 31 32
7 14 7 18
29 32 29 33
27 33 29 33
3 9 9 1
28 33 28 34
28 34 29 34
27 35 30 35
27 34 27 35
26 34 27 34
25 33 26 33
26 33 26 35
7 18 8 18
14 19 14 21
25 35 26 35
27 35 27 36
24 36 27 36
16 10 16 11
24 35 24 36
23 36 24 36
23 34 23 36
23 34 25 34
23 31 23 34
24 32 24 33
15 19 16 19
24 32 28 32
27 31 27 32
11 8 11 9
0 0 30 0
25 30 25 31
20 35 23 35
20 32 20 35
20 32 22 32
22 32 22 34
21 34 22 34
16 18 16 19
21 33 21 34
22 30 22 32
21 29 21 31
20 29 20 32
17 28 21 28
17 28 17 31
17 31 20 31
18 30 19 30
19 26 20 26
18 24 18 26
13 18 16 18
17 25 18 25
17 25 17 28
16 26 17 26
16 27 17 27
16 27 16 28
14 28 16 28
14 27 14 28
15 24 15 27
15 25 16 25
0 0 0 30
13 17 13 20
18 12 18 14
18 14 18 16
7 9 7 11
17 9 17 10
27 8 27 13
25 13 27 13
13 9 13 16
14 10 14 15
17 14 17 16
14 17 15 17
14 14 19 14
14 13 17 13
26 9 26 12
23 12 26 12
21 15 23 15
23 10 23 15
10 10 10 11
15 12 16 12
21 13 23 13
21 14 21 15
11 16 11 18
24 5 24 7
19 5 24 5
21 7 22 7
21 5 21 7
22 6 23 6
15 8 15 12
23 6 23 8
8 10 9 10
22 8 22 12
20 8 22 8
20 11 20 16
20 6 20 8
19 5 19 6
17 6 19 6
17 6 17 7
17 7 19 7
11 8 15 8
19 7 19 8
8 9 8 10
16 7 16 8
10 18 11 18
16 8 18 8
18 8 18 9
21 9 21 12
16 11 21 11
16 9 20 9
20 9 20 10
18 10 18 11
46 0 46 23
0 0 30 0
0 0 0 30
9 17 10 17
0 0 46 0
0 0 0 30
24 10 24 11
24 11 25 11
25 10 25 11
24 10 25 10
22 9 24 9
24 8 24 9
24 7 25 7
12 10 12 11
9 16 9 17
8 12 8 16
0 0 0 30
0 0 30 0
0 0 30 0
0 0 40 0
40 0 40 66
0 66 40 66
0 0 0 66
9 16 13 16
9 14 9 16
9 14 10 14
10 14 10 15
11 13 11 15
12 14 13 14
15 17 19 17
8 12 9 12
9 11 9 13
9 13 12 13
10 11 10 12
9 19 9 20
19 13 20 13
17 17 17 20
17 20 19 20
18 18 18 19
18 19 20 19
20 19 20 20
21 18 21 21
23 18 23 21
19 6 19 7
16 20 16 22
15 19 15 23
14 22 15 22
20 16 24 16
14 22 14 23
13 23 14 23
13 23 13 24
13 24 17 24
17 21 17 24
16 21 21 21
11 12 13 12
11 22 13 22
11 21 11 22
10 22 10 25
10 25 12 25
24 13 24 16
11 23 11 24
14 24 14 26
12 26 14 26
10 27 13 27
11 26 11 27
15 15 15 17
24 17 24 20
24 19 26 19
18 21 18 22
18 22 25 22
23 21 26 21
23 14 24 14
25 20 27 20
27 18 27 20
26 20 26 23
25 22 25 23
13 16 15 16
24 22 24 23
22 22 22 23
20 22 20 24
17 23 19 23
19 23 19 27
20 17 24 17
19 25 21 25
21 24 26 24
25 8 26 8
25 6 25 9
11 9 11 10
27 8 28 8
28 4 28 8
24 4 28 4
24 4 24 5
25 5 25 6
25 5 27 5
17 11 17 13
26 6 26 7
26 7 27 7
25 14 27 14
