player:
10 10

enemies:
9 11
11 11
19 10
21 15
21 16
16 16
23 11

collectables:
9 10
11 10
17 13
21 14

walls:
0 30 30 30
0 0 0 30
8 9 8 10
8 10 9 10
10 10 10 11
25 7 25 9
25 13 27 13
27 8 27 13
17 9 17 10
0 23 46 23
7 9 7 11
18 14 18 16
18 12 18 14
0 0 0 30
0 30 30 30
30 0 30 30
0 0 30 0
11 8 11 9
16 10 16 11
3 9 9 1
9 6 17 6
10 9 11 9
10 7 10 9
10 7 16 7
0 11 12 11
19 15 20 15
19 15 19 16
20 17 20 19
24 17 24 19
17 11 17 13
20 17 24 17
23 14 24 14
24 13 24 16
20 16 24 16
19 13 20 13
19 12 19 13
20 11 20 16
15 17 19 17
15 15 15 17
13 16 15 16
11 9 11 10
13 9 13 16
14 10 14 15
17 14 17 16
14 14 19 14
14 13 17 13
26 9 26 12
23 12 26 12
21 15 23 15
23 10 23 15
15 12 16 12
21 13 23 13
21 14 21 15
24 5 24 7
19 5 24 5
21 7 22 7
21 5 21 7
22 6 23 6
15 8 15 12
23 6 23 8
22 8 22 12
20 8 22 8
20 6 20 8
19 5 19 6
17 6 19 6
17 6 17 7
17 7 19 7
11 8 15 8
0 0 0 23
19 7 19 8
16 7 16 8
16 8 18 8
18 8 18 9
21 9 21 12
16 11 21 11
16 9 20 9
20 9 20 10
18 10 18 11
46 0 46 23
0 0 30 0
0 0 46 0
30 0 30 30
0 30 30 30
0 0 0 30
24 10 24 11
24 11 25 11
25 10 25 11
24 10 25 10
22 9 24 9
24 8 24 9
24 7 25 7
12 10 12 11
9 12 13 12
9 11 9 12
0 0 0 30
0 30 30 30
30 0 30 30
0 0 30 0
0 0 30 0
30 0 30 30
