player:
1 1
walls:
16 18 16 19 
21 34 22 34 
22 32 22 34 
19 5 19 6 
17 6 19 6 
17 6 17 7 
17 7 19 7 
11 8 15 8 
19 7 19 8 
16 7 16 8 
10 18 11 18 
25 18 29 18 
29 16 29 19 
20 32 22 32 
16 8 18 8 
18 8 18 9 
21 9 21 12 
16 11 21 11 
16 9 20 9 
20 9 20 10 
18 10 18 11 
46 0 46 23 
0 0 30 0 
0 0 0 30 
20 32 20 35 
29 16 30 16 
9 17 10 17 
0 0 46 0 
0 0 0 30 
24 10 24 11 
24 11 25 11 
25 10 25 11 
24 10 25 10 
22 9 24 9 
24 8 24 9 
20 35 23 35 
24 7 25 7 
31 15 31 17 
12 10 12 11 
9 16 9 17 
8 12 8 16 
0 0 0 30 
0 0 30 0 
0 0 30 0 
0 0 40 0 
40 0 40 66 
8 21 14 21 
0 66 40 66 
0 0 0 66 
7 19 12 19 
9 16 13 16 
9 14 9 16 
9 14 10 14 
10 14 10 15 
11 13 11 15 
12 14 13 14 
15 17 19 17 
25 30 25 31 
8 12 9 12 
9 11 9 13 
9 13 12 13 
30 10 30 13 
10 11 10 12 
9 19 9 20 
19 13 20 13 
17 17 17 20 
17 20 19 20 
18 18 18 19 
0 0 30 0 
18 19 20 19 
20 19 20 20 
21 18 21 21 
23 18 23 21 
19 15 19 16 
19 6 19 7 
16 20 16 22 
15 19 15 23 
14 22 15 22 
20 16 24 16 
11 8 11 9 
14 22 14 23 
13 23 14 23 
13 23 13 24 
13 24 17 24 
17 21 17 24 
30 14 31 14 
16 21 21 21 
11 12 13 12 
11 22 13 22 
11 21 11 22 
27 31 27 32 
10 22 10 25 
10 25 12 25 
24 13 24 16 
11 23 11 24 
14 24 14 26 
12 26 14 26 
30 13 32 13 
10 27 13 27 
11 26 11 27 
15 15 15 17 
24 32 28 32 
24 17 24 20 
24 19 26 19 
18 21 18 22 
18 22 25 22 
23 21 26 21 
23 14 24 14 
25 20 27 20 
32 13 32 15 
27 18 27 20 
26 20 26 23 
15 19 16 19 
24 32 24 33 
25 22 25 23 
13 16 15 16 
24 22 24 23 
22 22 22 23 
20 22 20 24 
17 23 19 23 
19 23 19 27 
20 17 24 17 
29 15 32 15 
19 25 21 25 
23 31 23 34 
21 24 26 24 
25 8 26 8 
25 6 25 9 
11 9 11 10 
27 8 28 8 
28 4 28 8 
24 4 28 4 
24 4 24 5 
25 5 25 6 
29 13 29 15 
23 34 25 34 
27 10 30 10 
25 5 27 5 
17 11 17 13 
26 6 26 7 
26 7 27 7 
25 14 27 14 
0 0 46 0 
46 0 46 46 
0 46 46 46 
0 0 0 46 
23 34 23 36 
17 5 17 6 
28 13 29 13 
11 5 11 7 
11 5 12 5 
12 5 12 6 
12 6 15 6 
13 5 17 5 
13 4 13 5 
10 4 13 4 
10 4 10 6 
32 15 33 15 
29 11 29 13 
6 7 9 7 
6 5 6 7 
6 5 7 5 
7 5 7 6 
7 6 9 6 
8 5 9 5 
8 4 8 5 
5 4 8 4 
5 4 5 7 
23 36 24 36 
5 7 6 7 
12 20 12 21 
8 8 10 8 
8 8 8 9 
9 9 9 10 
7 10 9 10 
7 8 7 9 
6 9 7 9 
6 7 6 9 
7 12 7 13 
24 35 24 36 
6 12 7 12 
9 11 10 11 
28 11 29 11 
10 11 12 11 
11 27 11 30 
15 28 15 30 
16 28 16 31 
13 31 16 31 
13 29 13 31 
13 29 14 29 
16 10 16 11 
14 29 14 30 
12 29 13 29 
12 29 12 31 
28 11 28 13 
9 31 12 31 
9 29 9 31 
10 28 10 29 
8 28 10 28 
8 28 8 29 
7 29 8 29 
24 36 27 36 
7 30 9 30 
7 29 7 30 
7 27 7 29 
6 27 8 27 
20 17 20 19 
8 26 8 27 
9 26 9 27 
7 25 7 26 
7 26 10 26 
8 25 9 25 
27 35 27 36 
9 24 9 25 
9 22 9 24 
6 24 9 24 
6 24 6 27 
6 23 7 23 
28 14 28 17 
7 20 7 22 
6 20 6 23 
6 17 6 20 
6 14 6 17 
25 35 26 35 
14 19 14 21 
6 12 6 14 
8 11 8 12 
5 11 8 11 
6 9 6 10 
5 9 5 11 
4 8 6 8 
25 17 26 17 
4 8 4 12 
3 12 4 12 
3 12 3 14 
7 18 8 18 
3 14 6 14 
4 13 5 13 
5 11 5 13 
25 16 25 17 
25 16 27 16 
27 15 27 16 
28 20 28 23 
27 21 28 21 
29 21 29 23 
29 21 31 21 
26 33 26 35 
31 21 31 23 
8 20 8 21 
29 22 30 22 
32 20 32 23 
25 15 26 15 
32 23 33 23 
33 23 33 26 
32 26 33 26 
32 26 32 27 
31 26 31 27 
25 33 26 33 
30 26 31 26 
10 7 16 7 
7 20 8 20 
30 24 32 24 
30 23 30 24 
25 14 25 15 
29 24 29 26 
27 24 29 24 
27 22 27 25 
25 25 28 25 
33 15 33 17 
26 25 26 26 
24 24 24 26 
22 24 22 26 
21 26 22 26 
7 19 7 20 
10 7 10 9 
11 19 11 20 
21 26 21 29 
23 25 23 27 
23 27 23 28 
26 34 27 34 
22 27 27 27 
27 26 27 27 
28 25 28 28 
27 28 28 28 
28 28 33 28 
33 26 33 28 
19 12 19 13 
10 20 11 20 
30 25 32 25 
10 9 11 9 
27 34 27 35 
30 25 30 27 
28 27 30 27 
26 27 26 29 
25 29 26 29 
25 28 25 29 
21 29 24 29 
24 28 24 29 
23 30 28 30 
10 19 10 20 
7 14 8 14 
27 35 30 35 
27 29 27 30 
24 30 24 31 
24 29 24 30 
29 29 29 31 
30 28 30 32 
30 33 30 35 
30 34 31 34 
31 32 31 34 
0 0 46 0 
46 0 46 46 
28 34 29 34 
0 46 46 46 
0 0 0 46 
6 23 6 24 
28 33 28 34 
27 33 29 33 
29 32 29 33 
21 33 21 34 
22 30 22 32 
21 29 21 31 
20 29 20 32 
19 15 20 15 
17 28 21 28 
17 28 17 31 
17 31 20 31 
18 30 19 30 
7 14 7 18 
19 26 20 26 
18 24 18 26 
13 18 16 18 
17 25 18 25 
17 25 17 28 
16 26 17 26 
32 16 32 20 
16 27 17 27 
16 27 16 28 
14 28 16 28 
29 32 31 32 
14 27 14 28 
15 24 15 27 
15 25 16 25 
0 0 0 30 
13 17 13 20 
18 12 18 14 
18 14 18 16 
28 20 32 20 
17 9 17 10 
27 8 27 13 
32 18 34 18 
25 13 27 13 
13 9 13 16 
14 10 14 15 
17 14 17 16 
14 17 15 17 
14 14 19 14 
14 13 17 13 
28 19 28 20 
26 9 26 12 
23 12 26 12 
34 16 34 18 
21 15 23 15 
23 10 23 15 
10 10 10 11 
15 12 16 12 
21 13 23 13 
21 14 21 15 
11 16 11 18 
24 5 24 7 
30 19 31 19 
19 5 24 5 
33 16 34 16 
21 7 22 7 
21 5 21 7 
22 6 23 6 
15 8 15 12 
23 6 23 8 
22 8 22 12 
20 8 22 8 
20 11 20 16 
30 17 30 19 
20 6 20 8 
